# Created by Octave 3.8.0, Mon Jul 04 18:15:11 2016 PDT <kyle@Kyles-MacBook-Air-2.local>
# name: D
# type: matrix
# rows: 21
# columns: 21
 42287.5464636553 40751.57026802334 39517.25664972731 38437.85113495096 37438.05580857733 36511.84565298942 35840.53455272882 36041.43468091165 37048.37402569983 37855.02307093577 37971.17693852603 37322.86686268218 36259.49858959036 35763.97327946942 36296.45494545927 37162.95532154177 38130.07122417665 39228.74584104329 40593.02082640115 42508.94254513567 43010.63218569005
 40746.5618445982 39987.158070882 39062.38605362197 38111.00314888236 37184.05647599697 36518.15028332325 36889.3405947845 37695.54806471391 38387.00522198829 38903.48639695055 38979.44744829591 38559.29358538303 37847.03670407676 37004.32833915851 36437.55945341648 36970.77073597431 37874.81704787406 38877.38089256685 40000.03867090567 41283.56242701616 42519.02681061104
 39529.50824803206 39072.98076793632 38368.59063469445 37572.35350585519 37200.38361559882 37874.2010477686 38537.02289962893 38950.67195042421 38585.76304940874 38545.20585312483 38552.84772975983 38565.90320722535 38768.95214042714 38595.59190506746 37936.40674494808 37181.2201017624 37447.03419889892 38299.09708242926 39191.58769692067 40030.20134982058 40640.71553135272
 38501.59745267416 38160.4755184278 37610.67743461973 37589.98310102239 38482.6698708519 39111.12457769589 38824.72963044034 38652.18722044957 38394.85787482683 38261.51938677697 38250.04132043832 38357.49663882046 38577.4287736992 38784.13602067886 39182.12575907472 38547.73337343046 37623.05058064231 37631.64199435762 38332.07812726038 38939.54472238626 39307.92706069098
 37620.2057175083 37349.02295707766 37551.53846325268 38688.2946502018 39436.41871656175 38985.92600306902 38623.99515115248 38319.75056898555 38029.73575819851 37836.78486374913 37810.24359888209 37982.9836166504 38267.91141749956 38593.99214800609 39008.5544723483 39500.78537211227 38748.07955079433 37603.0875911273 37500.37271291085 37962.15470985317 38231.96965765625
 36985.61160754393 37271.25210985138 38576.39136473744 39492.19738869971 39085.9616067299 38661.59661187184 38259.06369370768 37854.43688495129 37458.02518719445 37161.510429483 37101.49779653468 37389.02049672717 37797.57387122177 38234.88207376312 38678.03730198165 39122.23518573973 39500.14983490134 38496.78779906451 37128.39746688272 37060.31346270349 37269.21616551666
 37352.29794652819 38506.49418047205 39481.29374108146 39163.22539229478 38733.6742565364 38275.95255467331 37792.73067123752 37289.94453495426 37057.29851514038 37479.58320647644 37623.90412360304 37212.30393351321 37226.72501421146 37754.19812578965 38279.6595028702 38736.16616142498 39075.70262113983 39144.50253474251 37793.67191350815 36375.7829615926 36357.67372895501
 39270.12920307366 39859.89463536989 39498.52332878455 38973.92514907388 38424.18966534113 37860.19799918255 37338.05416947026 37589.30447493549 38456.55158197647 38973.53927098247 39085.50588435694 38605.7132161231 37751.54175655131 37276.71589542714 37831.49687911154 38382.93908498833 38775.17381880297 38942.88054867164 38447.916046226 36576.18003201125 35572.79246884459
 40998.77071601264 40608.99017067027 39665.70649141961 38861.82714129578 38114.94243909347 37448.91886355898 37767.61646541773 38897.8296781789 39557.88672329015 39192.42346572968 39143.66377070766 39254.96257018828 38862.34956295571 37631.84379773853 37346.79729429073 38046.61878213182 38551.84527910549 38841.16775449065 38965.94699002501 37165.45689644542 35264.14094558048
 42035.02126680389 40799.82111527326 39704.27389108554 38705.52214223073 37756.16270345075 37544.33879924269 38854.74146833017 39609.43418898439 39345.08729734758 39074.34281002204 39011.45616885272 39194.27919937229 39422.81663353802 38300.38423300197 37026.37861967346 37777.55717348705 38398.83960750188 38734.43909779524 38784.65764819703 37530.71203972104 35500.3055135359
 41821.81758188465 40792.33042922267 39663.54072310014 38508.28595775733 37400.07133623342 38319.10935202136 39632.76687373161 39434.60425927124 39121.45246788195 38793.86836021414 38652.59386286685 38987.50552748064 39052.55442759139 38373.74934447696 37081.61470084521 37736.79087351807 38377.29789177176 38707.47440942891 38719.35826988793 37582.71233929389 35574.37517790583
 41561.14770099729 40723.35556900555 39611.40402432283 38372.60044603563 37354.5919249248 38727.01767967242 39655.34690678048 39366.82062088417 38952.15949131314 38358.07192448867 38145.08037174425 39008.80350551523 38814.77789458461 37840.87813852303 37249.12191999284 37998.42093096139 38518.75309092378 38809.73542879468 38971.86575626252 37299.96147841015 35314.9146168057
 41635.07799000942 40745.82110918465 39624.8129885734 38407.61305773495 37348.30378587427 38675.79506475711 39809.64505405816 39406.23717152858 38968.97877997296 38356.40182588519 37550.87714601492 38050.20068920402 37755.45726835939 37348.94731223561 37866.09708554512 38406.04102687865 38766.0304029838 38903.28137900254 38565.09123838026 36699.19028645105 35404.36509291237
 42040.914823539 40831.00380519634 39680.05945729613 38572.76145395311 37504.59965604714 38150.39871118108 39511.75903995425 39471.08032172376 39158.02512984927 38712.77976852495 38124.12677528919 37631.29992103283 37743.28715817737 38107.13536092395 38506.74315121814 38871.4347536022 39155.97651074229 39264.13437904903 37902.30474761019 36270.86239829929 36088.02861674432
 41844.16133537351 40731.86823049714 39676.48728973357 38748.05153822176 37873.09418614363 37458.49886209313 38766.0619984237 39813.9434397057 39505.93588667231 39153.60734533182 38819.79872044769 38585.55158826686 38623.3397457039 38820.02699242611 39060.75013443988 39355.03449440227 39651.68953826294 38614.59129971114 37122.03414654092 36786.5329596201 36917.92684368004
 40620.6415096289 40558.73986928097 39591.30913794898 38872.38693391648 38224.24652475081 37606.32344628387 37781.12710324998 39065.12571459835 39899.79395002943 39543.99800509023 39291.63912960613 39165.67222223707 39193.76127542177 39339.61747030722 39484.49573035946 39778.1914318406 38914.27122433765 37651.26256132012 37286.09606523575 37571.26358899867 37744.37629950178
 38641.0787613542 39425.81198665468 39282.7306851699 38930.29286410495 38535.60870668196 38076.13493546729 37592.80207292162 37914.94107236911 39020.94152476643 39758.96320310095 39519.01134291576 39448.22403786376 39486.9742764234 39674.94134671615 39608.46766596776 38824.24197844488 37775.78707278099 37586.78434672549 38024.22099209855 38386.15565674306 38605.88446688747
 36583.5561607479 37833.13942887352 39062.39216721899 39050.35503530097 38872.18845880453 38567.39885783212 38128.23159870765 37620.46604952493 37684.40255926021 38525.84369886616 39128.20524335955 39471.97105233699 39406.16914099524 39000.20636164901 38324.52436732355 37548.39828864525 37721.6387486252 38285.30973041693 38803.81855139246 39250.27138710984 39613.3488199827
 36009.87426116809 36352.95861154993 37957.32455804331 39331.90138054345 39330.90783253749 39112.69125492483 38704.48192845625 38177.55487520252 37583.87877009252 37162.9038549606 37484.87209785455 37813.69468437097 37726.41333883621 37327.07341148499 37195.20599007109 37726.77112302843 38362.84016341966 38980.79926532052 39577.88961057927 40186.82164749064 40982.60400769884
 36040.95117266254 36030.10533371474 36670.71834789776 38573.84133218353 39991.74331707231 39792.66150047595 39260.3275538677 38687.45338864181 38101.44480759877 37521.75343168387 37024.59941024808 36727.72540149296 36781.87395727202 37145.07836538216 37657.39633085589 38258.60570544026 38900.04629402493 39583.15535805435 40326.51889801594 40964.95355311675 40696.64942889215
